nan;0
0.096;1000
0.1005;2000
0.106667;3000
0.10875;4000
0.1108;5000
0.106667;6000
0.109286;7000
0.10975;8000
0.108222;9000
0.1079;10000
0.107727;11000
0.107583;12000
0.106769;13000
0.106714;14000
0.106067;15000
0.106437;16000
0.106412;17000
0.108167;18000
0.107316;19000
0.10815;20000
0.107714;21000
0.107773;22000
0.107826;23000
0.107708;24000
0.10796;25000
0.108115;26000
0.108444;27000
0.10925;28000
0.109138;29000
0.109133;30000
0.109129;31000
0.108438;32000
0.10803;33000
0.108235;34000
0.108;35000
0.108611;36000
0.108649;37000
0.108579;38000
0.107974;39000
0.1077;40000
0.10722;41000
0.106881;42000
0.106651;43000
0.106795;44000
0.106978;45000
0.107;46000
0.107191;47000
0.106979;48000
0.106755;49000
0.10698;50000
0.106765;51000
0.106712;52000
0.106906;53000
0.106907;54000
0.107091;55000
0.107125;56000
0.107158;57000
0.107379;58000
0.107322;59000
0.107217;60000
0.107197;61000
0.10729;62000
0.10719;63000
0.107109;64000
0.106892;65000
0.106955;66000
0.107149;67000
0.107206;68000
0.107043;69000
0.106986;70000
0.107042;71000
0.107111;72000
0.107425;73000
0.107486;74000
0.10744;75000
0.107526;76000
0.107481;77000
0.10759;78000
0.107747;79000
0.107538;80000
0.107704;81000
0.107866;82000
0.107759;83000
0.10756;84000
0.107647;85000
0.10764;86000
0.10754;87000
0.107432;88000
0.107337;89000
0.107178;90000
0.107275;91000
0.107348;92000
0.107398;93000
0.107149;94000
0.107126;95000
0.107219;96000
0.107206;97000
0.107163;98000
0.107212;99000
0.1071;100000
0.107089;101000
0.106971;102000
0.106748;103000
0.106952;104000
0.10699;105000
0.107066;106000
0.107196;107000
0.10713;108000
0.107138;109000
0.107255;110000
0.10727;111000
0.107375;112000
0.107363;113000
0.107395;114000
0.107357;115000
0.10744;116000
0.107607;117000
0.107678;118000
0.107622;119000
0.10765;120000
0.107645;121000
0.107721;122000
0.107789;123000
0.107839;124000
0.107784;125000
0.107849;126000
0.107835;127000
0.108;128000
0.107953;129000
0.107985;130000
0.108046;131000
0.107917;132000
0.107977;133000
0.107948;134000
0.107948;135000
0.107985;136000
0.108146;137000
0.108145;138000
0.108165;139000
0.108207;140000
0.108099;141000
0.10807;142000
0.107986;143000
0.107993;144000
0.107917;145000
0.108007;146000
0.108034;147000
0.107993;148000
0.107946;149000
0.107973;150000
0.107921;151000
0.107921;152000
0.107974;153000
0.107961;154000
0.107974;155000
0.107859;156000
0.107834;157000
0.107949;158000
0.107912;159000
0.107925;160000
0.10787;161000
0.107895;162000
0.107871;163000
0.107896;164000
0.107958;165000
0.107958;166000
0.10785;167000
0.107839;168000
0.107799;169000
0.107806;170000
0.107743;171000
0.107727;172000
0.107717;173000
0.107713;174000
0.107629;175000
0.107676;176000
0.107751;177000
0.10768;178000
0.107838;179000
0.107828;180000
0.107851;181000
0.107918;182000
0.107896;183000
0.107821;184000
0.107822;185000
0.107833;186000
0.107856;187000
0.107888;188000
0.107921;189000
0.1079;190000
0.107953;191000
0.107958;192000
0.107886;193000
0.107923;194000
0.107985;195000
0.108015;196000
0.108041;197000
0.10801;198000
0.108015;199000
0.108105;200000
0.108164;201000
0.108208;202000
0.108222;203000
0.10823;204000
0.10821;205000
0.108243;206000
0.108232;207000
0.108274;208000
0.108249;209000
0.108248;210000
0.108185;211000
0.108217;212000
0.108254;213000
0.108304;214000
0.108344;215000
0.108324;216000
0.108341;217000
0.10833;218000
0.10832;219000
0.108309;220000
0.108335;221000
0.108261;222000
0.10826;223000
0.108259;224000
0.108258;225000
0.108279;226000
0.108308;227000
0.108298;228000
0.108367;229000
0.10833;230000
0.108407;231000
0.108362;232000
0.108369;233000
0.108393;234000
0.10846;235000
0.108449;236000
0.10843;237000
0.10845;238000
0.108435;239000
0.108442;240000
0.108469;241000
0.108504;242000
0.108494;243000
0.108529;244000
0.108547;245000
0.108565;246000
0.108591;247000
0.108573;248000
0.108631;249000
0.108704;250000
0.108701;251000
0.108722;252000
0.10868;253000
0.108709;254000
0.108741;255000
0.108719;256000
0.108739;257000
0.108729;258000
0.10873;259000
0.108708;260000
0.108693;261000
0.108718;262000
0.10873;263000
0.108686;264000
0.108709;265000
0.108688;266000
0.108715;267000
0.10866;268000
0.108684;269000
0.108678;270000
0.108649;271000
0.108713;272000
0.108762;273000
0.108723;274000
0.108738;275000
0.108754;276000
0.108758;277000
0.108755;278000
0.108763;279000
0.108732;280000
0.108747;281000
0.108691;282000
0.108671;283000
0.108694;284000
0.108761;285000
0.108773;286000
0.108812;287000
0.108806;288000
0.10882;289000
0.108714;290000
0.108656;291000
0.108647;292000
0.108669;293000
0.108667;294000
0.108664;295000
0.108672;296000
0.108714;297000
0.108732;298000
0.108783;299000
0.108837;300000
0.108854;301000
0.108834;302000
0.108789;303000
0.108793;304000
0.10879;305000
0.108748;306000
0.108772;307000
0.108776;308000
0.108761;309000
0.108758;310000
0.108775;311000
0.108792;312000
0.108812;313000
0.108815;314000
0.108822;315000
0.108804;316000
0.10883;317000
0.108802;318000
0.108871;319000
0.108869;320000
0.108826;321000
0.108811;322000
0.10882;323000
0.108855;324000
0.108865;325000
0.108856;326000
0.108905;327000
0.108918;328000
0.108948;329000
0.108924;330000
0.108924;331000
0.108898;332000
0.108892;333000
0.108904;334000
0.108842;335000
0.108818;336000
0.108774;337000
0.108796;338000
0.108726;339000
0.108774;340000
0.108768;341000
0.108801;342000
0.108825;343000
0.108814;344000
0.108791;345000
0.108766;346000
0.108798;347000
0.108816;348000
0.108825;349000
0.10888;350000
0.108889;351000
0.108886;352000
0.108853;353000
0.108836;354000
0.108803;355000
0.108806;356000
0.108779;357000
0.108754;358000
0.108733;359000
0.108694;360000
0.10867;361000
0.108724;362000
0.108711;363000
0.10872;364000
0.108707;365000
0.108699;366000
0.108719;367000
0.108747;368000
0.108767;369000
0.108765;370000
0.108757;371000
0.108747;372000
0.108826;373000
0.108791;374000
0.108779;375000
0.108753;376000
0.10879;377000
0.108823;378000
0.108826;379000
0.108813;380000
0.108819;381000
0.108838;382000
0.10883;383000
0.108852;384000
0.108834;385000
0.108806;386000
0.108788;387000
0.108745;388000
0.108748;389000
0.108713;390000
0.108714;391000
0.108712;392000
0.108705;393000
0.108708;394000
0.108714;395000
0.108707;396000
0.108665;397000
0.108658;398000
0.108644;399000
0.108625;400000
0.108616;401000
0.108624;402000
0.10864;403000
0.108609;404000
0.10862;405000
0.108559;406000
0.108523;407000
0.10849;408000
0.108521;409000
0.108537;410000
0.10856;411000
0.108553;412000
0.108569;413000
0.108594;414000
0.108583;415000
0.108562;416000
0.108602;417000
0.108612;418000
0.108535;419000
0.108567;420000
0.10852;421000
0.10854;422000
0.108544;423000
0.108535;424000
0.108553;425000
0.108563;426000
0.108548;427000
0.108586;428000
0.108571;429000
0.108591;430000
0.108578;431000
0.108569;432000
0.108591;433000
0.108615;434000
0.108593;435000
0.108585;436000
0.108574;437000
0.108571;438000
0.108613;439000
0.108598;440000
0.108583;441000
0.108604;442000
0.108603;443000
0.108619;444000
0.108602;445000
0.108592;446000
0.108602;447000
0.108634;448000
0.108626;449000
0.108618;450000
0.108614;451000
0.108606;452000
0.108576;453000
0.108566;454000
0.108565;455000
0.108559;456000
0.108615;457000
0.10862;458000
0.108625;459000
0.10863;460000
0.108607;461000
0.108613;462000
0.108639;463000
0.108642;464000
0.108662;465000
0.108637;466000
0.108651;467000
0.108654;468000
0.108682;469000
0.108691;470000
0.108699;471000
0.10872;472000
0.108691;473000
0.108705;474000
0.108731;475000
0.108752;476000
0.108763;477000
0.108797;478000
0.108812;479000
0.108823;480000
0.108796;481000
0.108768;482000
0.108741;483000
0.108721;484000
0.108722;485000
0.10872;486000
0.108727;487000
0.108682;488000
0.108699;489000
0.1087;490000
0.108719;491000
0.108691;492000
0.10868;493000
0.108692;494000
0.108671;495000
0.108649;496000
0.108634;497000
0.108659;498000
0.108661;499000
0.10866;500000
0.108629;501000
0.108629;502000
0.108648;503000
0.108675;504000
0.108673;505000
0.108636;506000
0.108671;507000
0.108679;508000
0.10868;509000
0.108671;510000
0.108669;511000
0.108637;512000
0.108635;513000
0.10863;514000
0.108639;515000
0.108579;516000
0.108586;517000
0.108569;518000
0.108576;519000
0.108577;520000
0.108583;521000
0.108603;522000
0.108608;523000
0.108594;524000
0.108617;525000
0.108637;526000
0.108638;527000
0.108631;528000
0.108628;529000
0.108666;530000
0.108653;531000
0.108667;532000
0.108647;533000
0.108684;534000
0.108675;535000
0.108701;536000
0.108698;537000
0.108721;538000
0.108746;539000
0.108715;540000
0.108712;541000
0.108681;542000
0.108694;543000
0.108722;544000
0.108721;545000
0.108753;546000
0.108735;547000
0.108781;548000
0.108785;549000
0.108791;550000
0.108795;551000
0.108804;552000
0.10881;553000
0.108814;554000
0.108813;555000
0.108779;556000
0.108738;557000
0.108753;558000
0.108766;559000
0.108757;560000
0.108738;561000
0.108749;562000
0.10873;563000
0.108727;564000
0.108738;565000
0.108707;566000
0.108707;567000
0.108694;568000
0.108705;569000
0.108711;570000
0.108718;571000
0.108719;572000
0.108724;573000
0.108721;574000
0.10871;575000
0.108686;576000
0.108683;577000
0.108673;578000
0.108655;579000
0.108666;580000
0.108657;581000
0.108639;582000
0.10864;583000
0.108622;584000
0.108629;585000
0.108645;586000
0.108642;587000
0.108638;588000
0.108633;589000
0.108603;590000
0.108594;591000
0.108593;592000
0.108589;593000
0.108586;594000
0.10857;595000
0.108554;596000
0.108558;597000
0.108538;598000
0.108533;599000
0.108513;600000
0.108479;601000
0.108477;602000
0.108461;603000
0.10847;604000
0.108453;605000
0.108477;606000
0.108481;607000
0.108469;608000
0.108463;609000
0.108477;610000
0.108486;611000
0.10848;612000
0.108486;613000
0.10849;614000
0.108467;615000
0.108469;616000
0.108476;617000
0.108481;618000
0.108457;619000
0.108442;620000
0.108464;621000
0.108474;622000
0.108474;623000
0.108434;624000
0.108453;625000
0.108463;626000
0.108451;627000
0.108455;628000
0.108452;629000
0.108454;630000
0.108425;631000
0.108429;632000
0.108403;633000
0.10842;634000
0.108411;635000
0.108403;636000
0.108391;637000
0.10837;638000
0.108397;639000
0.10837;640000
0.108351;641000
0.108335;642000
0.108351;643000
0.108349;644000
0.108346;645000
0.108342;646000
0.108363;647000
0.10836;648000
0.108347;649000
0.108322;650000
0.10832;651000
0.108304;652000
0.108297;653000
0.10828;654000
0.108299;655000
0.108325;656000
0.108286;657000
0.108319;658000
0.108296;659000
0.108289;660000
0.108295;661000
0.108304;662000
0.108308;663000
0.108316;664000
0.108343;665000
0.108332;666000
0.108325;667000
0.108334;668000
0.108317;669000
0.108301;670000
0.108311;671000
0.108292;672000
0.108316;673000
0.108318;674000
0.108314;675000
0.108322;676000
0.108346;677000
0.108324;678000
0.108321;679000
0.108344;680000
0.108338;681000
0.108353;682000
0.108328;683000
0.108322;684000
0.10833;685000
0.108353;686000
0.108348;687000
0.108358;688000
0.108329;689000
0.108342;690000
0.108369;691000
0.108383;692000
0.108377;693000
0.108395;694000
0.108396;695000
0.108382;696000
0.108377;697000
0.108367;698000
0.108379;699000
0.108351;700000
0.10835;701000
0.108332;702000
0.108341;703000
0.108351;704000
0.108348;705000
0.108344;706000
0.108351;707000
0.108336;708000
0.108346;709000
0.108345;710000
0.108354;711000
0.108365;712000
0.108373;713000
0.108377;714000
0.108382;715000
0.108376;716000
0.108385;717000
0.108383;718000
0.108396;719000
0.108412;720000
0.108459;721000
0.108439;722000
0.10845;723000
0.108443;724000
0.108426;725000
0.108426;726000
0.108432;727000
0.108423;728000
0.108414;729000
0.10841;730000
0.10839;731000
0.108374;732000
0.108382;733000
0.108376;734000
0.108358;735000
0.108348;736000
0.10833;737000
0.108325;738000
0.108329;739000
0.108338;740000
0.108328;741000
0.108332;742000
0.108319;743000
0.108323;744000
0.108326;745000
0.108339;746000
0.10836;747000
0.108353;748000
0.108374;749000
0.108387;750000
0.108398;751000
0.108384;752000
0.108404;753000
0.108391;754000
0.108391;755000
0.108377;756000
0.108355;757000
0.108369;758000
0.108373;759000
0.108374;760000
0.108361;761000
0.108367;762000
0.108387;763000
0.108406;764000
0.108397;765000
0.108398;766000
0.108412;767000
0.10843;768000
0.108466;769000
0.108465;770000
0.108464;771000
0.108461;772000
0.108455;773000
0.108466;774000
0.10847;775000
0.108457;776000
0.108472;777000
0.108477;778000
0.10848;779000
0.108458;780000
0.108443;781000
0.108432;782000
0.108429;783000
0.108406;784000
0.108408;785000
0.108399;786000
0.108417;787000
0.108414;788000
0.108416;789000
0.108418;790000
0.108408;791000
0.108419;792000
0.108431;793000
0.108404;794000
0.1084;795000
0.108376;796000
0.108371;797000
0.108388;798000
0.108388;799000
0.108364;800000
0.108375;801000
0.108401;802000
0.108392;803000
0.108405;804000
0.108419;805000
0.108413;806000
0.108434;807000
0.108426;808000
0.108439;809000
0.108451;810000
0.10845;811000
0.108452;812000
0.108497;813000
0.108486;814000
0.10848;815000
0.108488;816000
0.10846;817000
0.108458;818000
0.108453;819000
0.10847;820000
0.108477;821000
0.108493;822000
0.108504;823000
0.108495;824000
0.108482;825000
0.108483;826000
0.10849;827000
0.108495;828000
0.108513;829000
0.108528;830000
0.108526;831000
0.108538;832000
0.108528;833000
0.108536;834000
0.108551;835000
0.108559;836000
0.108554;837000
0.108543;838000
0.108533;839000
0.108542;840000
0.108535;841000
0.108548;842000
0.108544;843000
0.108546;844000
0.108542;845000
0.10854;846000
0.108548;847000
0.108548;848000
0.108544;849000
0.108554;850000
0.108563;851000
0.10858;852000
0.108589;853000
0.108603;854000
0.108621;855000
0.108614;856000
0.108613;857000
0.108622;858000
0.108604;859000
0.108619;860000
0.108625;861000
0.108633;862000
0.108633;863000
0.108644;864000
0.108622;865000
0.108614;866000
0.108603;867000
0.108607;868000
0.108604;869000
0.108595;870000
0.108604;871000
0.108609;872000
0.108616;873000
0.108618;874000
0.108616;875000
0.108614;876000
0.108607;877000
0.10861;878000
0.108609;879000
0.1086;880000
0.10859;881000
0.108596;882000
0.108602;883000
0.108592;884000
0.108585;885000
0.10856;886000
0.10857;887000
0.10857;888000
0.108567;889000
0.108581;890000
0.108593;891000
0.108595;892000
0.108592;893000
0.108594;894000
0.10858;895000
0.108588;896000
0.108574;897000
0.108545;898000
0.108534;899000
0.108523;900000
0.108523;901000
0.108523;902000
0.108524;903000
0.108522;904000
0.108516;905000
0.108526;906000
0.108538;907000
0.108535;908000
0.10855;909000
0.108541;910000
0.108566;911000
0.10856;912000
0.108545;913000
0.108539;914000
0.108539;915000
0.108543;916000
0.108545;917000
0.10854;918000
0.108566;919000
0.108571;920000
0.108579;921000
0.108575;922000
0.108553;923000
0.108568;924000
0.108566;925000
0.108543;926000
0.108543;927000
0.108572;928000
0.108583;929000
0.108584;930000
0.108579;931000
0.108575;932000
0.108596;933000
0.108601;934000
0.108598;935000
0.108605;936000
0.108606;937000
0.108593;938000
0.108588;939000
0.108584;940000
0.108578;941000
0.108572;942000
0.108594;943000
0.108583;944000
0.108593;945000
0.108604;946000
0.108612;947000
0.108618;948000
0.108613;949000
0.108627;950000
0.108628;951000
0.108651;952000
0.10865;953000
0.10864;954000
0.108639;955000
0.108626;956000
0.108621;957000
0.10862;958000
0.108615;959000
0.108608;960000
0.108605;961000
0.108589;962000
0.108585;963000
0.108583;964000
0.108574;965000
0.108589;966000
0.108595;967000
0.108592;968000
0.108576;969000
0.108572;970000
0.10858;971000
0.108578;972000
0.108607;973000
0.108607;974000
0.108593;975000
0.108608;976000
0.108604;977000
0.1086;978000
0.108604;979000
0.108613;980000
0.108599;981000
0.10859;982000
0.10859;983000
0.108585;984000
0.10858;985000
0.108583;986000
0.108597;987000
0.108608;988000
0.108601;989000
0.108599;990000
0.108596;991000
0.108605;992000
0.108608;993000
0.108599;994000
0.108594;995000
0.108609;996000
0.108611;997000
0.108615;998000
0.108622;999000
0.108619;1000000
